2.000000000000000000e+00
2.100000000000000089e+00
2.200000000000000178e+00
2.299999999999999822e+00
2.399999999999999911e+00
2.500000000000000000e+00
2.600000000000000089e+00
2.700000000000000178e+00
2.799999999999999822e+00
2.899999999999999911e+00
3.000000000000000000e+00
3.100000000000000089e+00
3.200000000000000178e+00
3.299999999999999822e+00
3.400000000000000355e+00
3.500000000000000000e+00
3.600000000000000089e+00
3.700000000000000178e+00
3.799999999999999822e+00
3.900000000000000355e+00
4.000000000000000000e+00
4.099999999999999645e+00
4.200000000000000178e+00
4.300000000000000711e+00
4.400000000000000355e+00
4.500000000000000000e+00
4.599999999999999645e+00
4.700000000000000178e+00
4.800000000000000711e+00
4.900000000000000355e+00
5.000000000000000000e+00
5.099999999999999645e+00
5.200000000000000178e+00
5.300000000000000711e+00
5.400000000000000355e+00
5.500000000000000000e+00
5.599999999999999645e+00
5.700000000000000178e+00
5.800000000000000711e+00
5.900000000000000355e+00
6.000000000000000000e+00
6.100000000000000533e+00
6.200000000000000178e+00
6.299999999999999822e+00
6.400000000000000355e+00
6.500000000000000000e+00
6.600000000000000533e+00
6.700000000000000178e+00
6.800000000000000711e+00
6.900000000000000355e+00
7.000000000000000000e+00
7.100000000000000533e+00
7.200000000000000178e+00
7.300000000000000711e+00
7.400000000000000355e+00
7.500000000000000000e+00
7.600000000000000533e+00
7.700000000000000178e+00
7.800000000000000711e+00
7.900000000000000355e+00
8.000000000000000000e+00
8.100000000000001421e+00
8.199999999999999289e+00
8.300000000000000711e+00
8.400000000000000355e+00
8.500000000000000000e+00
8.600000000000001421e+00
8.699999999999999289e+00
8.800000000000000711e+00
8.900000000000000355e+00
9.000000000000000000e+00
9.100000000000001421e+00
9.199999999999999289e+00
9.300000000000000711e+00
9.400000000000000355e+00
9.500000000000000000e+00
9.600000000000001421e+00
9.699999999999999289e+00
9.800000000000000711e+00
9.900000000000000355e+00
1.000000000000000000e+01
