9.083804840675666625e+00
9.083804840675666625e+00
3.222426440294906769e+01
5.536472396522237460e+01
1.326058987275963261e+02
2.098470734899703416e+02
4.174000945851705637e+02
6.249531156803708427e+02
1.126170671624250190e+03
1.627388227568131470e+03
2.770833540286817424e+03
3.914278853005502242e+03
6.376639606426171667e+03
8.839000359846828360e+03
1.369084371500431189e+04
1.854268707016174449e+04
2.771079152923484435e+04
3.687889598830794421e+04
5.262313172901682265e+04
6.836736746972586843e+04
9.459036967774049845e+04
1.208133718857551721e+05
1.606694749859439908e+05
2.005255780861327949e+05
2.598048422027646739e+05
3.190841063193965820e+05
3.998514415791938663e+05
4.806187768389919656e+05
5.848893411603193963e+05
6.891599054816457210e+05
8.224634724004329182e+05
9.557670393192199990e+05
1.116532012465588748e+06
1.277296985611957265e+06
1.456471331117579248e+06
1.635645676623200998e+06
1.839379494533431949e+06
2.043113312443665229e+06
2.306643497427115217e+06
2.570173682410562877e+06
2.809662837416824419e+06
3.049151992423090618e+06
3.371427404226770625e+06
3.693702816030450165e+06
3.906814584692046046e+06
4.119926353353636805e+06
4.619434684092638083e+06
5.118943014831631444e+06
5.359876040928203613e+06
5.600809067024775781e+06
5.936223078126194887e+06
6.271637089227614924e+06
6.651231431852142327e+06
7.030825774476674385e+06
7.556869345839707181e+06
8.082912917202739976e+06
8.628486494547614828e+06
9.174060071892485023e+06
9.537886374075528234e+06
9.901712676258567721e+06
1.085622247745327093e+07
1.181073227864799835e+07
1.298930385493089817e+07
1.416787543121384457e+07
1.380562792223091982e+07
1.344338041324799694e+07
1.054305431589806452e+07
7.642728218548235483e+06
4.619452271282337606e+06
1.596176324016494909e+06
1.043250416607423336e+06
4.903245091983520542e+05
4.996373006038957974e+05
5.089500920094398316e+05
4.995492039944668650e+05
4.901483159794940148e+05
4.986147347957822494e+05
5.070811536120700766e+05
5.328906353957176907e+05
5.587001171793648973e+05
5.587001171793648973e+05
